triangles (class level) 2402 11.184666872024536
quadruples (class level) 20003 65.6508469581604
helper-level candidates Counter({'quad': 25186, 'tri': 3790, 'pair': 1220})
families 1671 114.2891309261322
   ('pair', 'ok', 1, 1) 268
   ('pair', 'ok', 3, 3) 24
   ('pair', 'zero intersection') 928
   ('quad', 'ok', 1, 1) 859
   ('quad', 'ok', 10, 10) 1
   ('quad', 'ok', 11, 11) 17
   ('quad', 'ok', 12, 12) 1
   ('quad', 'ok', 13, 13) 1
   ('quad', 'ok', 14, 14) 2
   ('quad', 'ok', 15, 14) 1
   ('quad', 'ok', 15, 15) 6
   ('quad', 'ok', 16, 15) 1
   ('quad', 'ok', 16, 16) 7
   ('quad', 'ok', 17, 17) 1
   ('quad', 'ok', 18, 18) 1
   ('quad', 'ok', 2, 2) 122
   ('quad', 'ok', 3, 3) 36
   ('quad', 'ok', 4, 4) 31
   ('quad', 'ok', 5, 5) 4
   ('quad', 'ok', 6, 6) 6
   ('quad', 'ok', 7, 7) 2
   ('quad', 'ok', 9, 9) 4
   ('quad', 'zero intersection') 24083
   ('tri', 'ok', 1, 1) 248
   ('tri', 'ok', 10, 10) 4
   ('tri', 'ok', 2, 2) 24
   ('tri', 'zero intersection') 3514
top shapes by best gain:
   ('quad', (19, 19, 19, 19), 18, -18.48) 1
   ('quad', (12, 12, 12, 12), 11, -12.52) 3
   ('quad', (10, 10, 10, 10), 9, -10.31) 1
   ('quad', (12, 12, 13, 13), 11, -8.24) 12
   ('quad', (8, 8, 8, 8), 7, -7.83) 2
   ('quad', (19, 19, 19, 19), 17, -7.65) 1
   ('quad', (18, 18, 18, 18), 16, -7.12) 7
   ('tri', (12, 12, 13), 10, -7.01) 4
   ('quad', (17, 17, 17, 17), 15, -6.56) 4
   ('quad', (7, 7, 7, 7), 6, -6.49) 4
   ('quad', (16, 16, 16, 16), 14, -5.96) 1
   ('quad', (6, 6, 6, 6), 5, -5.08) 2
   ('quad', (14, 14, 14, 14), 12, -4.66) 1
   ('quad', (5, 5, 5, 5), 4, -3.6) 21
   ('quad', (12, 12, 12, 12), 10, -3.22) 1
   ('pair', (2, 2), 1, -2.01) 220
   ('pair', (3, 3), 1, -0.97) 24
   ('pair', (5, 12), 3, -0.95) 24
   ('quad', (3, 3, 3, 3), 2, -0.55) 87
   ('tri', (2, 2, 3), 1, -0.11) 36
   ('tri', (3, 5, 5), 2, 0.45) 24
   ('quad', (17, 17, 19, 19), 15, 0.68) 1
   ('tri', (3, 3, 3), 1, 0.94) 76
   ('pair', (3, 19), 1, 1.04) 24
   ('tri', (2, 2, 13), 1, 1.51) 24
   ('tri', (3, 3, 5), 1, 1.53) 80
   ('tri', (3, 3, 6), 1, 1.73) 8
   ('quad', (2, 2, 3, 3), 1, 1.8) 59
   ('tri', (3, 5, 5), 1, 2.13) 4
   ('tri', (3, 5, 6), 1, 2.33) 4
   ('quad', (2, 3, 3, 3), 1, 2.33) 66
   ('quad', (3, 3, 5, 5), 2, 2.36) 9
   ('tri', (3, 3, 12), 1, 2.47) 4
   ('tri', (3, 6, 6), 1, 2.53) 4
   ('quad', (3, 3, 3, 3), 1, 2.85) 244
   ('quad', (2, 3, 3, 5), 1, 2.92) 6
   ('quad', (3, 3, 6, 6), 2, 3.27) 2
   ('quad', (2, 2, 3, 13), 1, 3.42) 10
   ('quad', (3, 3, 3, 5), 1, 3.44) 144
   ('quad', (5, 5, 6, 6), 3, 3.98) 1
